4294967279,27
4294967279,26
4294967279,25
4294967279,23
4294967279,22
4294967279,20
4294967279,17
4294967279,16
4294967279,15
4294967279,14
4294967279,13
4294967279,11
4294967279,10
4294967294,12
4294967294,68
4294967294,11
4294967278,340
4294967294,392
4294967294,114
4294967294,89
4294967294,182
4294967294,1
4294967294,173
4294967294,422
4294967278,177
4294967294,1023
4294967278,339
4294967279,409
4294967278,338
4294967279,408
4294967278,337
4294967294,1005
4294967278,304
4294967294,99
4294967294,76
4294967294,41
4294967278,336
4294967294,5
4294967294,107
4294967294,81
4294967294,50
4294967294,29
4294967279,407
4294967278,335
4294967278,260
4294967278,303
4294967278,169
4294967294,393
4294967294,45
4294967294,1358
4294967294,44
4294967294,426
4294967294,43
4294967294,53
4294967294,52
4294967294,92
4294967294,91
4294967294,88
4294967294,87
4294967294,85
4294967294,46
4294967294,1096
4294967279,406
4294967278,168
4294967278,301
4294967279,169
4294967278,167
4294967294,1356
4294967294,83
4294967278,166
4294967294,6
4294967294,94
4294967294,96
4294967278,165
18,4
4294967279,166
18,3
18,2
18,1
4294967279,405
4294967278,164
4294967294,8
0,7
4294967278,132
4294967278,131
4294967278,130
4294967278,129
4294967278,128
4294967278,127
4294967278,126
4294967278,125
4294967278,124
4294967278,123
4294967278,122
4294967278,121
4294967278,120
4294967278,119
4294967278,118
4294967278,117
4294967278,116
4294967278,115
4294967278,114
4294967278,113
4294967278,112
4294967278,111
4294967278,110
4294967278,109
4294967278,108
4294967278,107
4294967278,106
4294967278,105
4294967278,104
4294967278,103
4294967278,102
4294967278,101
4294967278,100
4294967278,99
4294967278,98
4294967278,97
4294967278,96
4294967278,95
4294967278,94
4294967278,93
4294967278,92
4294967278,91
4294967278,90
4294967278,89
4294967278,87
4294967278,86
4294967278,85
4294967278,84
4294967278,83
4294967278,82
4294967278,81
4294967278,80
4294967278,79
4294967278,78
4294967278,77
4294967278,76
4294967278,75
4294967278,74
4294967278,73
4294967278,72
4294967278,71
4294967278,70
4294967278,69
4294967278,68
4294967278,67
4294967278,66
4294967278,65
4294967278,64
4294967278,63
4294967278,62
4294967278,61
4294967278,60
4294967278,59
4294967278,58
4294967278,57
4294967278,56
4294967278,55
4294967278,54
4294967278,53
4294967278,52
4294967278,51
4294967278,50
4294967279,52
4294967279,48
4294967279,305
4294967279,47
4294967279,157
4294967279,43
4294967279,39
4294967279,36
4294967279,299
4294967279,33
4294967279,31
4294967279,28
4294967279,138
4294967279,277
4294967279,24
4294967279,21
4294967279,19
4294967279,18
4294967279,12
4294967279,9
4294967279,8
4294967279,7
4294967279,6
4294967279,5
4294967279,4
0,5
4294967294,186
4294967294,1009
4294967294,1357
4294967294,441
4294967294,430
4294967279,404
4294967279,51
4294967294,17
4294967294,9
4294967294,67
4294967294,42
4294967294,1359
4294967294,2
4294967294,0
4294967294,120
4294967279,163
4294967294,90
4294967294,86
4294967294,84
4294967294,413
4294967294,1182
4294967294,1183
4294967294,28
4294967294,1152
4294967294,27
4294967294,470
4294967294,25
4294967294,1178
4294967294,26
4294967294,417
4294967294,51
4294967294,1099
4294967294,82
4294967279,403
4294967278,334
4294967278,0
4294967294,7
4294967279,402
4294967279,260
4294967279,0
4294967294,22
4294967294,93
4294967294,95
4294967278,333
4294967278,332
4294967279,401
17,4
17,2
17,1
4294967279,400
4294967279,399
4294967278,331
4294967279,398
4294967278,330
4294967278,329
4294967279,397
4294967278,328
14,4
14,3
14,2
14,1
4294967294,1102
13,4
13,3
13,2
13,1
4294967278,327
4294967294,472
4294967278,326
4294967293,131
4294967293,130
4294967293,129
4294967293,128
4294967293,127
4294967293,126
4294967293,125
4294967293,124
4294967293,123
4294967293,122
4294967293,121
4294967293,120
4294967293,119
4294967293,118
4294967293,117
4294967293,116
4294967293,115
4294967293,114
4294967293,113
4294967293,112
4294967293,111
4294967293,110
4294967293,109
4294967293,108
4294967293,107
4294967293,106
4294967293,105
4294967293,104
